784
1
0.         0.         0.         0.         0.         0.
 0.         0.         0.         0.         0.         0.
 0.         0.         0.         0.         0.         0.
 0.         0.         0.         0.         0.         0.
 0.         0.         0.         0.         0.         0.
 0.         0.         0.         0.         0.         0.
 0.         0.         0.         0.         0.         0.
 0.         0.         0.         0.         0.         0.
 0.         0.         0.         0.         0.         0.
 0.         0.         0.         0.         0.         0.
 0.         0.         0.         0.         0.         0.
 0.         0.         0.         0.         0.         0.
 0.         0.         0.         0.         0.         0.
 0.         0.         0.         0.         0.         0.
 0.         0.         0.         0.         0.         0.
 0.         0.         0.         0.         0.         0.
 0.         0.         0.         0.         0.         0.
 0.         0.         0.         0.         0.         0.
 0.         0.         0.         0.         0.         0.
 0.         0.         0.         0.         0.         0.
 0.         0.         0.         0.         0.         0.
 0.         0.         0.         0.         0.         0.
 0.         0.         0.         0.         0.         0.
 0.         0.         0.         0.         0.         0.
 0.         0.         0.         0.         0.         0.
 0.         0.         0.         0.         0.         0.
 0.         0.         0.         0.         0.         0.
 0.         0.         0.         0.         0.         0.
 0.         0.         0.         0.         0.         0.
 0.         0.         0.         0.00784314 0.14901961 0.47843137
 0.96470588 1.         1.         0.96078431 0.4745098  0.03137255
 0.         0.         0.         0.         0.         0.
 0.         0.         0.         0.         0.         0.
 0.         0.         0.         0.         0.         0.
 0.22352941 0.69019608 0.99215686 0.99215686 0.99215686 0.99215686
 0.99215686 0.99215686 0.99215686 0.60784314 0.01176471 0.
 0.         0.         0.         0.         0.         0.
 0.         0.         0.         0.         0.         0.
 0.         0.         0.         0.00392157 0.74901961 0.99215686
 0.99215686 0.99215686 0.99215686 0.98039216 0.97254902 0.99215686
 0.99215686 0.99215686 0.41176471 0.         0.         0.
 0.         0.         0.         0.         0.         0.
 0.         0.         0.         0.         0.         0.
 0.00392157 0.49411765 0.99215686 0.99215686 0.96078431 0.82352941
 0.43529412 0.14509804 0.         0.60784314 0.99215686 0.99215686
 0.73333333 0.05490196 0.         0.         0.         0.
 0.         0.         0.         0.         0.         0.
 0.         0.         0.         0.         0.02352941 0.99215686
 0.99215686 0.98039216 0.54509804 0.         0.         0.
 0.         0.05882353 0.88627451 0.99215686 0.99215686 0.45490196
 0.         0.         0.         0.         0.         0.
 0.         0.         0.         0.         0.         0.
 0.         0.         0.02352941 0.99215686 0.99215686 0.55294118
 0.         0.         0.         0.         0.         0.
 0.29803922 0.99215686 0.99215686 0.85882353 0.09803922 0.
 0.         0.         0.         0.         0.         0.
 0.         0.         0.         0.         0.         0.
 0.28627451 0.99215686 0.93333333 0.08627451 0.         0.
 0.         0.         0.         0.05490196 0.86666667 0.99215686
 0.99215686 0.99215686 0.58823529 0.         0.         0.
 0.         0.         0.         0.         0.         0.
 0.         0.         0.         0.         0.44705882 0.99215686
 0.92156863 0.08235294 0.         0.         0.         0.
 0.1254902  0.75686275 0.99215686 0.99215686 0.99215686 0.99215686
 0.90196078 0.01568627 0.         0.         0.         0.
 0.         0.         0.         0.         0.         0.
 0.         0.         0.23921569 0.99215686 0.99215686 0.49411765
 0.         0.         0.00784314 0.15686275 0.67058824 0.99215686
 0.99215686 0.99215686 0.99215686 0.99215686 0.62352941 0.00392157
 0.         0.         0.         0.         0.         0.
 0.         0.         0.         0.         0.         0.
 0.02352941 0.99215686 0.99215686 0.82745098 0.37647059 0.21568627
 0.62352941 0.99215686 0.99215686 0.99215686 0.99215686 0.99215686
 0.99215686 0.94117647 0.28627451 0.         0.         0.
 0.         0.         0.         0.         0.         0.
 0.         0.         0.         0.         0.00784314 0.52156863
 0.99215686 0.99215686 0.99215686 0.99215686 0.99215686 0.99215686
 0.99215686 0.99215686 0.83921569 0.99215686 0.99215686 0.7372549
 0.         0.         0.         0.         0.         0.
 0.         0.         0.         0.         0.         0.
 0.         0.         0.         0.01176471 0.38039216 0.68235294
 0.96078431 0.99215686 0.98823529 0.90980392 0.75294118 0.08627451
 0.25490196 0.99215686 0.99215686 0.34117647 0.         0.
 0.         0.         0.         0.         0.         0.
 0.         0.         0.         0.         0.         0.
 0.         0.         0.         0.         0.21176471 0.3372549
 0.31764706 0.         0.         0.         0.08235294 0.87058824
 0.92156863 0.10980392 0.         0.         0.         0.
 0.         0.         0.         0.         0.         0.
 0.         0.         0.         0.         0.         0.
 0.         0.         0.         0.         0.         0.
 0.         0.         0.09019608 0.87843137 0.88627451 0.
 0.         0.         0.         0.         0.         0.
 0.         0.         0.         0.         0.         0.
 0.         0.         0.         0.         0.         0.
 0.         0.         0.         0.         0.         0.
 0.28235294 0.99215686 0.48235294 0.         0.         0.
 0.         0.         0.         0.         0.         0.
 0.         0.         0.         0.         0.         0.
 0.         0.         0.         0.         0.         0.
 0.         0.         0.         0.         0.65882353 0.99215686
 0.75294118 0.         0.         0.         0.         0.
 0.         0.         0.         0.         0.         0.
 0.         0.         0.         0.         0.         0.
 0.         0.         0.         0.         0.         0.
 0.         0.         0.65882353 0.99215686 0.92941176 0.12941176
 0.         0.         0.         0.         0.         0.
 0.         0.         0.         0.         0.         0.
 0.         0.         0.         0.         0.         0.
 0.         0.         0.         0.         0.         0.
 0.65882353 0.99215686 0.99215686 0.31764706 0.         0.
 0.         0.         0.         0.         0.         0.
 0.         0.         0.         0.         0.         0.
 0.         0.         0.         0.         0.         0.
 0.         0.         0.         0.         0.65882353 0.99215686
 0.99215686 0.31764706 0.         0.         0.         0.
 0.         0.         0.         0.         0.         0.
 0.         0.         0.         0.         0.         0.
 0.         0.         0.         0.         0.         0.
 0.         0.         0.38039216 0.91372549 0.94901961 0.18039216
 0.         0.         0.         0.         0.         0.
 0.         0.         0.         0.         0.         0.
 0.         0.         0.         0.         0.         0.
 0.         0.         0.         0.         0.         0.
 0.         0.         0.         0.         0.         0.
 0.         0.         0.         0.         0.         0.
 0.         0.         0.         0.         0.         0.
 0.         0.         0.         0.         0.         0.
 0.         0.         0.         0.         0.         0.
 0.         0.         0.         0.         0.         0.
 0.         0.         0.         0.        

